cnbc 22285 4263 993 5.22753929158
history 24517 4249 513 5.77006354436
billgates 29092 3539 460 8.22040124329
realhughjackman 15795 2730 536 5.78571428571
espn 25139 3754 1027 6.69659030368
carlyFiorina 25748 2770 339 9.29530685921
microsoft 20277 3107 489 6.52623109108
cnn 27939 4171 551 6.69839367058
selenagomez 15926 2149 454 7.41088878548
shakira 14065 2066 2411 6.80784123911
johnKasich 26604 3456 568 7.69791666667
walmart 28350 2547 325 11.1307420495
tomcruise 22423 2748 971 8.15975254731
serenawilliams 17603 2506 518 7.02434158021
ProfBrianCox 21349 3737 648 5.71287128713
RichardDawkins 28216 4888 795 5.77250409165
bbcworld 17414 4349 1173 4.0041388825
instagram 15793 3330 637 4.74264264264
HillaryClinton 32002 3515 472 9.10440967283
ActuallyNPH 30576 4678 1065 6.53612654981
kimkardashian 14975 2387 474 6.27356514453
msnbc 21471 3449 726 6.22528269063
martinomalley 26304 3647 746 7.21250342747
rafaelnadal 14205 1661 2462 8.55207706201
johncena 26677 3401 454 7.84386945016
waynerooney 22159 2551 627 8.68639749118
nasa 30093 4110 702 7.32189781022
lewishamilton 14959 1999 321 7.48324162081
carlzimmer 26041 5322 1001 4.89308530628
djokernole 22335 2637 1922 8.46985210466
mit 21008 4244 834 4.95004712535
foxnews 22505 3952 887 5.69458502024
mlb 17673 2755 532 6.41488203267
samsung 19117 3259 651 5.86590978828
LincolnChafee 26581 4244 788 6.26319509896
oprah 19284 2841 504 6.78775079197
katyperry 17336 3397 758 5.10332646453
edsheeran 16067 2524 590 6.36568938193
senwarren 31110 3881 502 8.01597526411
JimWebbUSA 24438 3493 504 6.99627827083
generalelectric 29550 3126 483 9.45297504798
uber 25574 2742 481 9.32676878191
teslamotors 20541 2612 459 7.86408882083
hughlaurie 28313 5490 948 5.15719489982
realdonaldTrump 30649 3740 561 8.1949197861
SETIInstitute 21902 3801 898 5.76216785057
usainbolt 17786 2502 590 7.10871302958
nytimes 27445 4569 519 6.00678485445
theellenshow 23530 2999 541 7.84594864955
BarackObama 27230 2811 222 9.68694414799
neiltyson 31288 5291 800 5.91343791344
cmdr_hadfield 23756 4290 804 5.53752913753
pbs 23891 4364 578 5.47456461962
sensanders 37837 3584 390 10.5571986607
ladygaga 24075 3463 673 6.9520646838
kingjames 22194 2944 682 7.53872282609
google 35884 1376 268 26.0784883721
justinbieber 12813 1744 377 7.34690366972
onedirection 20584 1759 382 11.7021034679
cbc 21732 3251 540 6.68471239619
jtimberlake 18705 2670 595 7.00561797753
youtube 17267 3288 681 5.25152068127
arianagrande 12139 1723 419 7.04526987812
AJEnglish 23307 3439 709 6.77726083164
cristiano 19168 2027 909 9.45633941786
tonyhawk 22637 3792 859 5.96967299578
stephenfry 26335 4675 922 5.63315508021
skynews 23281 4147 1036 5.61393778635
jebbush 28328 3557 468 7.96401461906
jimmyfallon 21066 2873 598 7.33240515141
taylorswift13 20703 2908 661 7.11932599725
